1 297.318181818182 3021.863636363636
2 43.68181818181836 1819.1363636363633
3 665.5000000000003 763.6818181818176
4 19.13636363636374 428.22727272727207
5 27.318181818181984 51.86363636363558
6 739.1363636363639 43.68181818181756
7 1025.5000000000005 722.7727272727266
8 1532.772727272728 1311.863636363636
9 2350.954545454546 722.7727272727266
10 2203.681818181819 35.499999999999545
11 3316.409090909092 27.318181818181074
12 3275.500000000001 395.49999999999955
13 4028.2272727272734 657.3181818181811
14 4011.8636363636374 3005.5
