1 27.318181818181984 3005.5
2 19.13636363636374 1213.6818181818176
3 968.2272727272731 935.4999999999995
4 960.0454545454548 240.04545454545405
5 1720.954545454546 166.40909090909008
6 1827.3181818181824 477.3181818181811
7 2015.5000000000005 420.04545454545405
8 2146.4090909090914 559.1363636363631
9 2514.59090909091 1197.3181818181815
10 2768.2272727272734 1123.6818181818176
11 2710.9545454545464 771.863636363636
12 2825.500000000001 583.6818181818176
13 4011.8636363636374 1262.772727272727
14 4003.6818181818194 3005.5
